[38;2;132;88;66m╭─[0m[1;38;2;240;160;120m aathi@krishnan: ~ [0m[38;2;132;88;66m──────────────────────────────────────────────────────────────────────────────────╮[0m
[38;2;132;88;66m│[0m                                              [38;2;132;88;66m│[0m [1;38;2;158;206;106m$ [0m[1;38;2;240;230;120mwhoami[0m                                              [38;2;132;88;66m│[0m
[38;2;132;88;66m│[0m                          [38;2;170;202;113m⣷[38;2;146;175;99m⡄ [38;2;144;177;100m⢰[38;2;174;215;122m⣄              [0m [38;2;132;88;66m│[0m [1;38;2;205;214;244m  Aathi Krishnan M[0m                                    [38;2;132;88;66m│[0m
[38;2;132;88;66m│[0m                       [38;2;178;199;112m⣶[38;2;167;189;106m⣦[38;2;174;199;113m⡀[38;2;169;195;111m⣿[38;2;169;197;112m⢻[38;2;164;193;110m⣆[38;2;185;219;126m⢸[38;2;165;198;114m⠿[38;2;163;197;113m⣷[38;2;157;192;111m⡀ [38;2;154;192;112m⣰[38;2;139;175;102m⣦         [0m [38;2;132;88;66m│[0m [38;2;205;214;244m  3rd-year B.E. CSE at Government College of[0m          [38;2;132;88;66m│[0m
[38;2;132;88;66m│[0m                  [38;2;181;190;106m⢀[38;2;181;191;107m⡀   [38;2;176;192;109m⣿[38;2;153;168;96m⠈[38;2;188;209;120m⠛[38;2;156;175;100m⠛ [38;2;154;176;102m⠹[38;2;180;207;120m⠿ [38;2;155;182;106m⠸[38;2;158;186;109m⢿[38;2;154;183;108m⡼[38;2;151;181;107m⢃[38;2;175;212;126m⣿[38;2;147;180;107m⢠[38;2;170;210;126m⣾[38;2;130;162;97m⡇ [38;2;166;212;128m⢀[38;2;106;137;83m⡀   [0m [38;2;132;88;66m│[0m [38;2;205;214;244m  Engineering, Tirunelveli. Graduating May 2028.[0m      [38;2;132;88;66m│[0m
[38;2;132;88;66m│[0m                   [38;2;190;196;111m⢻[38;2;183;190;108m⡷[38;2;193;202;115m⠶[38;2;186;196;112m⠶[38;2;172;182;105m⠉          [38;2;127;147;88m⠸[38;2;170;199;120m⢿[38;2;161;189;115m⡿[38;2;163;194;118m⢹[38;2;152;182;111m⣧[38;2;145;176;108m⢾[38;2;160;195;120m⡿[38;2;121;149;92m⠁   [0m [38;2;132;88;66m│[0m [38;2;205;214;244m  Looking for product-based SDE roles in the 2027[0m     [38;2;132;88;66m│[0m
[38;2;132;88;66m│[0m                [38;2;200;197;111m⣠[38;2;212;210;119m⣤[38;2;196;196;111m⣤[38;2;201;202;116m⣤[38;2;195;198;113m⣽[38;2;179;182;105m⠦               [38;2;123;141;87m⠈[38;2;103;119;74m⠁[38;2;157;182;114m⣸[38;2;153;179;112m⡇    [0m [38;2;132;88;66m│[0m [38;2;205;214;244m  campus placements.[0m                                  [38;2;132;88;66m│[0m
[38;2;132;88;66m│[0m                [38;2;195;188;107m⠈[38;2;190;185;105m⠻[38;2;197;192;110m⣦[38;2;186;182;105m⣀                  [38;2;142;157;100m⢒[38;2;155;173;110m⡶[38;2;147;165;106m⠿[38;2;161;182;117m⢿[38;2;172;196;127m⣿[38;2;149;171;111m⣶[38;2;130;150;98m⠆[0m [38;2;132;88;66m│[0m                                                       [38;2;132;88;66m│[0m
[38;2;132;88;66m│[0m               [38;2;135;127;72m⠈[38;2;214;202;116m⠻[38;2;201;190;110m⣿[38;2;213;202;117m⡉[38;2;176;168;98m⠉   [38;2;191;186;111m⢠ [38;2;157;155;93m⢠[38;2;160;158;96m⡀[38;2;201;200;122m⢠[38;2;187;187;115m⡇[38;2;155;156;96m⣀[38;2;176;179;111m⣦ [38;2;143;147;92m⡄[38;2;134;138;87m⢸[38;2;181;187;119m⣶[38;2;152;159;101m⡲[38;2;152;160;102m⣄ [38;2;159;169;109m⠻[38;2;133;142;92m⢟[38;2;164;177;116m⠘[38;2;157;170;112m⢿[38;2;165;180;119m⣯[38;2;133;146;97m⡁ [0m [38;2;132;88;66m│[0m [1;38;2;158;206;106m$ [0m[1;38;2;240;230;120mls ~/stack[0m                                          [38;2;132;88;66m│[0m
[38;2;132;88;66m│[0m                [38;2;198;182;105m⠴[38;2;205;189;110m⣾[38;2;201;186;109m⣏[38;2;215;200;118m⣀[38;2;206;192;114m⣴ [38;2;192;181;109m⣼[38;2;194;184;111m⡾[38;2;195;186;113m⣠[38;2;175;167;102m⡿[38;2;177;170;104m⣧[38;2;190;184;113m⣾[38;2;178;173;107m⢿[38;2;192;187;117m⣿[38;2;156;153;96m⡟[38;2;171;168;107m⣧[38;2;163;161;103m⣧[38;2;190;189;121m⣄[38;2;177;177;114m⣿[38;2;175;175;114m⣷[38;2;166;167;109m⣿[38;2;149;151;99m⢦[38;2;150;153;101m⣀[38;2;167;171;114m⣘[38;2;155;160;107m⣆[38;2;155;161;108m⠲[38;2;157;164;111m⣿[38;2;177;186;127m⡛[38;2;141;149;102m⠆[0m [38;2;132;88;66m│[0m [1;38;2;240;90;120m  langs  [0m[38;2;205;214;244mC++ (primary), Python, JavaScript[0m            [38;2;132;88;66m│[0m
[38;2;132;88;66m│[0m             [38;2;190;168;97m⣠[38;2;201;179;103m⣤[38;2;216;193;112m⣼[38;2;215;192;113m⡿[38;2;211;190;112m⣿[38;2;219;197;117m⣿[38;2;217;197;117m⣿[38;2;216;196;118m⣿[38;2;201;184;111m⣼[38;2;206;189;115m⣿[38;2;207;190;117m⣿[38;2;198;183;112m⣿[38;2;180;167;104m⡇[38;2;174;162;101m⢿[38;2;182;170;107m⠫[38;2;164;154;97m⠾[38;2;202;190;121m⠿[38;2;168;159;102m⠆[38;2;190;180;116m⠘[38;2;160;153;99m⣿[38;2;170;163;106m⢻[38;2;181;175;115m⡿[38;2;146;141;93m⣬[38;2;174;169;112m⣿[38;2;144;141;94m⣦[38;2;176;173;117m⠽[38;2;186;183;124m⢿[38;2;177;175;120m⣿[38;2;183;182;125m⣿[38;2;182;182;126m⣍[38;2;157;157;110m⡛[38;2;145;146;102m⠃[0m [38;2;132;88;66m│[0m [1;38;2;240;90;120m  web    [0m[38;2;205;214;244mMongoDB, Express, React, Node.js[0m             [38;2;132;88;66m│[0m
[38;2;132;88;66m│[0m        [38;2;235;200;112m⢀[38;2;208;179;100m⣤[38;2;223;191;108m⡴[38;2;205;177;101m⠞[38;2;207;179;103m⠛[38;2;228;197;114m⠉[38;2;184;160;93m⠉ [38;2;136;119;70m⠈[38;2;218;191;114m⠛[38;2;207;182;109m⠿[38;2;219;193;117m⣿[38;2;212;188;114m⣿[38;2;216;192;117m⣿[38;2;212;188;116m⣿[38;2;193;172;107m⣿[38;2;187;168;105m⢻   [38;2;151;137;88m⣀[38;2;134;122;79m⣀[38;2;137;125;81m⡀     [38;2;155;145;98m⣀[38;2;171;160;109m⣀[38;2;165;155;107m⣀[38;2;140;132;91m⡘[38;2;183;173;121m⣿[38;2;168;160;113m⣿[38;2;184;176;125m⣯[38;2;148;142;101m⣟ [0m [38;2;132;88;66m│[0m [1;38;2;240;90;120m  env    [0m[38;2;205;214;244mFedora Linux, Git[0m                            [38;2;132;88;66m│[0m
[38;2;132;88;66m│[0m        [38;2;189;159;89m⢻[38;2;227;191;108m⡟        [38;2;205;176;106m⣰[38;2;197;169;103m⢯[38;2;194;167;103m⣷[38;2;212;183;113m⣿[38;2;217;187;117m⣿[38;2;158;137;86m⡇ [38;2;145;127;81m⠈[38;2;211;184;119m⠉[38;2;203;178;115m⢹[38;2;206;181;118m⣿[38;2;197;173;114m⡏[38;2;185;163;108m⠁    [38;2;199;178;122m⠚[38;2;194;174;120m⢻[38;2;195;175;122m⣿[38;2;187;169;119m⡟[38;2;159;144;102m⢛[38;2;188;170;122m⣿  [38;2;118;108;79m⠉ [0m [38;2;132;88;66m│[0m                                                       [38;2;132;88;66m│[0m
[38;2;132;88;66m│[0m        [38;2;225;185;105m⢸[38;2;203;167;95m⡇  [38;2;179;148;86m⠠[38;2;186;154;91m⢤[38;2;166;138;82m⣒⣋[38;2;177;148;89m⡩[38;2;192;160;97m⠿[38;2;204;170;104m⣇[38;2;186;155;96m⢺[38;2;183;154;96m⣿[38;2;198;166;104m⣽[38;2;199;167;106m⠛[38;2;164;138;88m⠃[38;2;173;146;94m⢀ [38;2;158;134;87m⠠[38;2;204;173;114m⠼[38;2;211;179;119m⠿[38;2;209;178;119m⠧[38;2;143;122;82m⠄    [38;2;132;114;80m⢀[38;2;184;159;113m⣼[38;2;199;171;122m⣿[38;2;166;144;103m⣇[38;2;144;124;90m⢸[38;2;177;154;113m⡟    [0m [38;2;132;88;66m│[0m [1;38;2;158;206;106m$ [0m[1;38;2;240;230;120mtail -f now.log[0m                                     [38;2;132;88;66m│[0m
[38;2;132;88;66m│[0m        [38;2;212;171;97m⣹[38;2;182;147;84m⣇    [38;2;189;153;92m⠉[38;2;187;152;92m⠢[38;2;190;154;94m⡀ [38;2;184;149;92m⠘[38;2;191;155;97m⢷[38;2;208;169;107m⡺[38;2;219;178;113m⠛  [38;2;134;109;71m⠈[38;2;156;127;84m⠛[38;2;154;126;84m⠶[38;2;186;152;102m⠄          [38;2;173;143;105m⣀[38;2;192;159;118m⣼[38;2;198;164;123m⡇    [0m [38;2;132;88;66m│[0m [1;38;2;240;90;120m  building  [0m[38;2;205;214;244mHTTP server from scratch in raw C++[0m       [38;2;132;88;66m│[0m
[38;2;132;88;66m│[0m        [38;2;211;167;95m⢿[38;2;225;178;103m⡉[38;2;223;176;103m⠳[38;2;195;154;91m⣦[38;2;196;154;92m⡀   [38;2;190;150;92m⠘[38;2;186;147;92m⠦[38;2;185;147;92m⡀[38;2;217;171;109m⢠[38;2;224;177;113m⡿[38;2;185;146;94m⠷[38;2;203;160;104m⢶[38;2;206;163;107m⣦[38;2;141;112;74m⡀        [38;2;120;95;68m⠐ [38;2;125;99;73m⠂   [38;2;192;153;116m⣿[38;2;173;138;106m⡇    [0m [38;2;132;88;66m│[0m [38;2;205;214;244m            sockets (multi-client support next)[0m       [38;2;132;88;66m│[0m
[38;2;132;88;66m│[0m        [38;2;190;147;85m⠉[38;2;227;175;102m⣷[38;2;196;152;89m⡀[38;2;144;111;66m⠈[38;2;231;178;107m⠙[38;2;222;171;104m⣦[38;2;202;156;95m⣄   [38;2;164;126;80m⠈[38;2;206;158;101m⠛[38;2;174;133;86m⢅  [38;2;183;140;94m⠙[38;2;222;170;115m⠁             [38;2;156;118;91m⢠[38;2;204;155;121m⣿     [0m [38;2;132;88;66m│[0m [1;38;2;240;90;120m  practice  [0m[38;2;205;214;244m390+ LeetCode problems in C++, longest[0m    [38;2;132;88;66m│[0m
[38;2;132;88;66m│[0m        [38;2;241;183;106m⣠[38;2;228;173;101m⡿[38;2;210;159;94m⠁  [38;2;191;143;88m⠉[38;2;203;153;94m⠛[38;2;166;125;78m⠤[38;2;150;112;71m⣄    [38;2;177;132;88m⠙[38;2;176;131;88m⢦[38;2;181;134;91m⣸[38;2;179;133;91m⣷      [38;2;194;142;105m⠐[38;2;162;119;88m⠲[38;2;170;125;94m⠷[38;2;130;95;73m⠂  [38;2;197;143;113m⣠[38;2;202;146;116m⠞[38;2;145;105;85m⠁     [0m [38;2;132;88;66m│[0m [38;2;205;214;244m            streak 51 days[0m                            [38;2;132;88;66m│[0m
[38;2;132;88;66m│[0m       [38;2;233;173;100m⣼[38;2;239;177;104m⡿[38;2;192;142;84m⠁       [38;2;177;129;83m⠑[38;2;161;117;76m⠢[38;2;148;107;71m⣄   [38;2;227;163;113m⠈[38;2;217;156;109m⠿[38;2;188;135;95m⣆   [38;2;221;157;116m⣀[38;2;215;152;113m⣀[38;2;171;120;91m⡀ [38;2;137;97;74m⢀[38;2;186;130;102m⣠[38;2;206;144;113m⡴[38;2;192;134;107m⠋[38;2;150;104;84m⠁       [0m [38;2;132;88;66m│[0m                                                       [38;2;132;88;66m│[0m
[38;2;132;88;66m│[0m      [38;2;163;119;69m⢠[38;2;244;178;104m⣿[38;2;220;159;94m⣅ [38;2;183;132;80m⠛[38;2;205;147;90m⠲[38;2;203;146;90m⠦[38;2;185;132;83m⣤[38;2;232;165;104m⣀[38;2;180;128;82m⣀   [38;2;140;98;66m⠈[38;2;172;121;82m⠑[38;2;160;112;77m⠤[38;2;180;126;87m⡀  [38;2;204;141;101m⠈[38;2;202;139;101m⠳[38;2;195;134;98m⣤[38;2;225;154;115m⣠[38;2;219;149;112m⡿[38;2;201;137;104m⠋[38;2;198;135;104m⢻[38;2;207;140;109m⡿[38;2;199;134;106m⠿[38;2;206;138;110m⠛[38;2;182;122;99m⣆         [0m [38;2;132;88;66m│[0m [1;38;2;158;206;106m$ [0m[1;38;2;240;230;120mls ~/projects[0m                                       [38;2;132;88;66m│[0m
[38;2;132;88;66m│[0m      [38;2;206;147;85m⣠[38;2;245;174;102m⣿[38;2;244;173;103m⣿[38;2;232;164;99m⣿[38;2;243;171;104m⣶[38;2;237;167;103m⣶[38;2;226;159;99m⣶[38;2;213;148;94m⣶[38;2;239;166;106m⣤[38;2;215;149;96m⣭[38;2;214;148;97m⣭[38;2;196;135;89m⣛[38;2;200;137;92m⣢[38;2;158;108;73m⡤[38;2;162;110;76m⣀[38;2;139;94;66m⡀[38;2;151;102;72m⠈[38;2;171;115;82m⠑[38;2;158;106;77m⠤  [38;2;222;147;110m⠘[38;2;199;131;100m⠿[38;2;194;127;98m⣷[38;2;197;129;100m⣄[38;2;154;101;79m⢸[38;2;197;128;102m⣿  [38;2;212;136;113m⢹[38;2;188;120;101m⣆        [0m [38;2;132;88;66m│[0m [1;38;2;240;90;120m  notes-app      [0m[38;2;205;214;244mMERN notes app with JWT auth; live[0m   [38;2;132;88;66m│[0m
[38;2;132;88;66m│[0m     [38;2;229;161;93m⣾[38;2;247;173;101m⡿[38;2;200;140;83m⠃[38;2;184;127;76m⠈[38;2;245;169;103m⠉[38;2;221;152;93m⠻[38;2;243;167;104m⢿[38;2;242;165;104m⣿[38;2;241;164;105m⣿[38;2;241;163;105m⣿[38;2;240;162;106m⣿[38;2;239;160;106m⣿[38;2;238;159;107m⣿[38;2;237;158;108m⣿[38;2;237;157;108m⣿[38;2;230;152;106m⣿[38;2;222;146;103m⣿[38;2;224;146;105m⣷[38;2;220;143;104m⣶[38;2;198;128;94m⣤[38;2;219;141;105m⡀    [38;2;227;143;114m⠙[38;2;202;126;102m⢿[38;2;211;131;107m⠿[38;2;199;124;103m⢤[38;2;198;122;103m⣤[38;2;175;107;92m⡌[38;2;217;133;115m⢿[38;2;198;120;105m⣦       [0m [38;2;132;88;66m│[0m [38;2;205;214;244m                 on Vercel + Render + Atlas[0m           [38;2;132;88;66m│[0m
[38;2;132;88;66m│[0m    [38;2;233;161;92m⣰[38;2;249;171;99m⣿[38;2;218;149;88m⣥[38;2;247;168;100m⣀[38;2;244;166;100m⣀[38;2;149;101;62m⡀ [38;2;225;150;95m⢸[38;2;213;142;90m⣻[38;2;243;161;104m⣿[38;2;242;160;104m⣿[38;2;241;158;105m⣿[38;2;241;157;106m⣿[38;2;240;156;106m⣿[38;2;239;154;107m⣿[38;2;238;153;107m⣿[38;2;238;152;108m⣿[38;2;237;151;108m⣿[38;2;236;149;109m⣿[38;2;235;148;110m⣿[38;2;225;141;106m⣿[38;2;233;145;110m⣌   [38;2;143;87;70m⡀[38;2;208;126;103m⢰[38;2;169;101;84m⣻[38;2;182;109;91m⠗[38;2;158;94;80m⢈[38;2;171;101;87m⡕[38;2;175;103;90m⢂[38;2;192;112;100m⠾[38;2;212;123;111m⠟[38;2;171;98;90m⠃      [0m [38;2;132;88;66m│[0m [1;38;2;240;90;120m  deadlock-sim   [0m[38;2;205;214;244mDeadlock analysis simulator (Python,[0m [38;2;132;88;66m│[0m
[38;2;132;88;66m│[0m   [38;2;228;155;88m⣰[38;2;250;169;98m⣿[38;2;249;168;98m⣿[38;2;249;167;99m⣿[38;2;248;165;99m⣿[38;2;247;164;100m⣿[38;2;244;161;100m⣿[38;2;240;158;99m⣶[38;2;233;152;97m⣼[38;2;238;155;100m⣿[38;2;244;158;103m⣿[38;2;243;156;103m⣿[38;2;237;151;102m⣿[38;2;242;154;105m⣿[38;2;241;152;105m⣿[38;2;241;151;106m⣿[38;2;240;150;106m⣿[38;2;239;148;107m⣿[38;2;239;147;108m⣿[38;2;238;146;108m⣿[38;2;237;144;109m⣿[38;2;237;143;109m⣿[38;2;236;142;110m⣿[38;2;232;138;109m⣷[38;2;210;124;99m⣤[38;2;207;122;99m⣾[38;2;225;131;108m⣍[38;2;217;126;106m⡷[38;2;214;123;105m⣰[38;2;204;116;100m⣶[38;2;219;124;109m⣵[38;2;217;122;109m⣿[38;2;215;120;109m⣷         [0m [38;2;132;88;66m│[0m [38;2;205;214;244m                 Tkinter, NetworkX)[0m                   [38;2;132;88;66m│[0m
[38;2;132;88;66m│[0m   [38;2;251;168;96m⣿[38;2;251;167;96m⣿[38;2;250;165;97m⣿[38;2;250;164;98m⣿[38;2;249;162;98m⣿[38;2;248;161;99m⣿[38;2;248;160;100m⣿[38;2;247;158;100m⣿[38;2;247;157;101m⣿[38;2;244;154;100m⣿[38;2;245;154;102m⣿[38;2;245;153;103m⣿[38;2;244;151;103m⣿[38;2;244;150;104m⣿[38;2;243;149;104m⣿[38;2;242;147;105m⣿[38;2;242;146;106m⣿[38;2;241;145;106m⣿[38;2;241;143;107m⣿[38;2;240;142;107m⣿[38;2;239;140;108m⣿[38;2;239;139;109m⣿[38;2;238;138;109m⣿[38;2;238;136;110m⣿[38;2;237;135;111m⣿[38;2;236;133;111m⣷[38;2;220;123;104m⣿[38;2;225;125;108m⣿[38;2;235;129;113m⣿[38;2;234;128;114m⣿[38;2;233;127;114m⣿[38;2;233;125;115m⣿[38;2;232;124;115m⣿         [0m [38;2;132;88;66m│[0m [1;38;2;240;90;120m  url-shortener  [0m[38;2;205;214;244mURL shortener[0m                        [38;2;132;88;66m│[0m
[38;2;132;88;66m│[0m  [38;2;220;145;82m⢼[38;2;252;165;95m⣿[38;2;252;164;95m⣿[38;2;251;162;96m⣿[38;2;251;161;97m⣿[38;2;250;159;97m⣿[38;2;250;158;98m⣿[38;2;249;157;98m⣿[38;2;248;155;99m⣿[38;2;248;154;100m⣿[38;2;247;152;100m⣿[38;2;247;151;101m⣿[38;2;246;149;102m⣿[38;2;246;148;102m⣿[38;2;245;147;103m⣿[38;2;245;145;104m⣿[38;2;244;144;104m⣿[38;2;244;142;105m⣿[38;2;234;135;101m⣿[38;2;195;112;85m⠘[38;2;241;137;106m⣿[38;2;241;137;107m⣿[38;2;241;135;108m⣿[38;2;240;134;109m⣿[38;2;240;132;109m⣿[38;2;239;131;110m⣿[38;2;239;129;110m⣿[38;2;238;128;111m⣿[38;2;238;127;112m⣿[38;2;237;125;112m⣿[38;2;237;124;113m⣿[38;2;236;122;114m⣿[38;2;236;121;114m⣿[38;2;235;119;115m⣿[38;2;158;79;78m⡆        [0m [38;2;132;88;66m│[0m                                                       [38;2;132;88;66m│[0m
[38;2;132;88;66m│[0m [38;2;166;108;61m⢠[38;2;239;154;88m⣿[38;2;253;162;94m⣿[38;2;218;139;81m⠟[38;2;238;150;90m⢿[38;2;251;158;96m⣿[38;2;251;156;96m⣿[38;2;251;155;97m⣿[38;2;250;153;97m⣿[38;2;250;152;98m⣿[38;2;249;151;99m⣿[38;2;249;149;99m⣿[38;2;248;148;100m⣿[38;2;248;146;101m⣿[38;2;247;145;101m⣿[38;2;247;143;102m⣿[38;2;246;142;103m⣿[38;2;246;140;103m⣿[38;2;245;139;104m⣿[38;2;237;133;101m⣿[38;2;161;89;69m⣀[38;2;216;119;94m⣿[38;2;243;133;107m⣿[38;2;243;131;107m⣿[38;2;243;130;108m⣿[38;2;242;128;108m⣿[38;2;242;127;109m⣿[38;2;241;125;110m⣿[38;2;241;124;110m⣿[38;2;240;122;111m⣿[38;2;240;121;112m⣿[38;2;239;119;112m⣿[38;2;239;118;113m⣿[38;2;238;116;114m⣿[38;2;238;115;114m⣿[38;2;159;76;77m⡇        [0m [38;2;132;88;66m│[0m [1;38;2;158;206;106m$ [0m[1;38;2;240;230;120mcat contact.txt[0m                                     [38;2;132;88;66m│[0m
[38;2;132;88;66m│[0m [38;2;234;149;84m⢸[38;2;254;161;92m⣿[38;2;225;141;82m⡟ [38;2;190;118;71m⠈[38;2;248;153;93m⢿[38;2;252;153;95m⣿[38;2;252;152;96m⣿[38;2;251;150;96m⣿[38;2;251;149;97m⣿[38;2;250;147;98m⣿[38;2;250;146;98m⣿[38;2;250;144;99m⣿[38;2;249;143;100m⣿[38;2;249;141;100m⣿[38;2;248;140;101m⣿[38;2;248;138;102m⣿[38;2;248;137;102m⣿[38;2;247;135;103m⣿[38;2;247;133;104m⣿[38;2;246;132;104m⣿[38;2;246;130;105m⣿[38;2;245;129;106m⣿[38;2;245;127;106m⣿[38;2;245;126;107m⣿[38;2;244;124;108m⣿[38;2;244;123;108m⣿[38;2;243;121;109m⣿[38;2;243;120;110m⣿[38;2;243;118;110m⣿[38;2;242;117;111m⣿[38;2;242;115;112m⣿[38;2;241;113;112m⣿[38;2;241;112;113m⣿[38;2;241;110;114m⣿[38;2;207;94;98m⡇        [0m [38;2;132;88;66m│[0m [1;38;2;240;90;120m  github    [0m[38;2;205;214;244mgithub.com/Aathi06[0m                        [38;2;132;88;66m│[0m
[38;2;132;88;66m│[0m                                              [38;2;132;88;66m│[0m [1;38;2;240;90;120m  linkedin  [0m[38;2;205;214;244mlinkedin.com/in/aathi-krishnan-9534ba329[0m  [38;2;132;88;66m│[0m
[38;2;132;88;66m│[0m                                              [38;2;132;88;66m│[0m [1;38;2;240;90;120m  email     [0m[38;2;205;214;244maathi8012@gmail.com[0m                       [38;2;132;88;66m│[0m
[38;2;132;88;66m├[0m[38;2;132;88;66m──────────────────────────────────────────────────────────────────────────────────────────────────────[0m[38;2;132;88;66m┤[0m
[38;2;132;88;66m│[0m [38;2;105;110;140msource: github.com/Aathi06/terminal-portfolio[0m                                                        [38;2;132;88;66m│[0m
[38;2;132;88;66m╰[0m[38;2;132;88;66m──────────────────────────────────────────────────────────────────────────────────────────────────────[0m[38;2;132;88;66m╯[0m
