[38;2;85;87;136m╭─[0m[1;38;2;154;158;247m aathi@krishnan: ~ [0m[38;2;85;87;136m──────────────────────────────────────────────────────────────────────────────────╮[0m
[38;2;85;87;136m│[0m                                              [38;2;85;87;136m│[0m [1;38;2;158;206;106m$ [0m[1;38;2;122;162;247mwhoami[0m                                              [38;2;85;87;136m│[0m
[38;2;85;87;136m│[0m                                              [38;2;85;87;136m│[0m [1;38;2;205;214;244m  Aathi Krishnan M[0m                                    [38;2;85;87;136m│[0m
[38;2;85;87;136m│[0m           [38;2;100;133;203m⢀[38;2;98;131;199m⣤[38;2;110;146;222m⣤[38;2;113;150;229m⣶[38;2;113;151;229m⣶[38;2;118;156;238m⣶[38;2;111;148;225m⣶[38;2;122;162;247m⣶⣶⣶[38;2;109;145;221m⣶[38;2;72;95;145m⡀                      [0m [38;2;85;87;136m│[0m [38;2;205;214;244m  3rd-year B.E. CSE at Government College of[0m          [38;2;85;87;136m│[0m
[38;2;85;87;136m│[0m         [38;2;77;100;152m⢀[38;2;118;153;233m⣶[38;2;123;160;244m⣿[38;2;116;150;229m⣿[38;2;112;145;222m⣿⣿[38;2;118;153;233m⣿[38;2;113;147;224m⣿[38;2;120;155;237m⣿[38;2;124;161;245m⣿[38;2;125;162;247m⣿⣿⣿[38;2;120;156;239m⣧                      [0m [38;2;85;87;136m│[0m [38;2;205;214;244m  Engineering, Tirunelveli. Graduating May 2028.[0m      [38;2;85;87;136m│[0m
[38;2;85;87;136m│[0m         [38;2;118;150;229m⣸[38;2;127;161;247m⣿[38;2;121;153;235m⣿[38;2;119;151;231m⠿[38;2;127;161;247m⠛[38;2;119;151;231m⠿[38;2;122;155;237m⣿[38;2;121;153;234m⢿[38;2;127;161;247m⣿[38;2;127;161;246m⣿[38;2;127;161;247m⣿[38;2;112;142;217m⡿[38;2;112;142;218m⡿[38;2;125;158;242m⣿[38;2;107;136;208m⣆                     [0m [38;2;85;87;136m│[0m [38;2;205;214;244m  Looking for product-based SDE roles in the 2027[0m     [38;2;85;87;136m│[0m
[38;2;85;87;136m│[0m        [38;2;103;128;197m⢠[38;2;130;161;246m⣿[38;2;129;160;245m⠋[38;2;100;124;189m⢁[38;2;105;130;200m⡔[38;2;79;98;150m⣊[38;2;119;147;226m⣀[38;2;130;161;247m⠈[38;2;115;142;218m⠣[38;2;99;123;188m⡘[38;2;112;139;213m⢿[38;2;117;145;222m⣿[38;2;92;115;176m⠑[38;2;94;116;178m⢧[38;2;125;155;238m⢸[38;2;130;161;247m⣿[38;2;95;118;180m⣆                    [0m [38;2;85;87;136m│[0m [38;2;205;214;244m  campus placements.[0m                                  [38;2;85;87;136m│[0m
[38;2;85;87;136m│[0m       [38;2;104;126;194m⠰[38;2;132;161;247m⣿[38;2;124;151;232m⣿ [38;2;104;126;194m⢻[38;2;93;112;173m⣿[38;2;119;144;222m⡟[38;2;91;110;170m⢇[38;2;111;135;207m⠇ [38;2;75;91;141m⠁ [38;2;87;106;163m⠉ [38;2;110;133;205m⣴[38;2;119;144;221m⣿[38;2;127;154;237m⣿[38;2;120;145;223m⡯                    [0m [38;2;85;87;136m│[0m                                                       [38;2;85;87;136m│[0m
[38;2;85;87;136m│[0m        [38;2;111;132;204m⠹[38;2;135;160;247m⣿[38;2;117;139;214m⣷[38;2;106;126;194m⣦[38;2;84;100;154m⠉[38;2;111;132;204m⠁[38;2;82;97;149m⠉      [38;2;98;116;178m⣇ [38;2;86;102;156m⡁[38;2;112;133;205m⠙[38;2;128;152;233m⢄[38;2;102;121;186m⢔[38;2;103;122;189m⣆   [38;2;86;102;157m⢀[38;2;88;105;162m⣀[38;2;81;96;148m⡠[38;2;98;116;179m⠤[38;2;120;143;220m⠤[38;2;135;160;247m⠤[38;2;111;132;204m⣄       [0m [38;2;85;87;136m│[0m [1;38;2;158;206;106m$ [0m[1;38;2;122;162;247mls ~/stack[0m                                          [38;2;85;87;136m│[0m
[38;2;85;87;136m│[0m         [38;2;120;140;215m⠹[38;2;128;149;230m⢿[38;2;119;139;214m⢿[38;2;100;117;180m⣇[38;2;86;101;155m⡀  [38;2;113;132;203m⡀   [38;2;110;128;198m⣼[38;2;101;117;181m⣏ [38;2;85;98;152m⢧[38;2;88;102;158m⢔[38;2;95;110;170m⠕[38;2;97;113;174m⠁ [38;2;109;127;196m⡱[38;2;104;121;186m⠊[38;2;88;103;159m⠉     [38;2;85;98;152m⢸[38;2;80;93;143m⠈[38;2;100;117;180m⢁[38;2;90;105;161m⠢[38;2;91;106;164m⡀    [0m [38;2;85;87;136m│[0m [1;38;2;187;154;247m  langs  [0m[38;2;205;214;244mC++ (primary), Python, JavaScript[0m            [38;2;85;87;136m│[0m
[38;2;85;87;136m│[0m           [38;2;94;107;166m⠁[38;2;107;121;188m⠉[38;2;100;114;177m⠳[38;2;95;108;167m⣰[38;2;103;118;182m⠟  [38;2;100;114;177m⢀[38;2;111;127;196m⣼[38;2;101;116;179m⡿[38;2;97;111;172m⣠[38;2;99;113;175m⢔[38;2;100;114;177m⡵[38;2;88;100;154m⠁ [38;2;89;102;157m⣠[38;2;94;107;166m⡾[38;2;95;108;167m⠁ [38;2;82;93;144m⣀   [38;2;103;118;182m⣄[38;2;83;95;147m⡞[38;2;82;94;145m⢸[38;2;84;96;148m⣠[38;2;92;105;162m⢿[38;2;103;117;181m⠑[38;2;95;109;168m⠪[38;2;91;104;160m⡒[38;2;97;111;171m⢄  [0m [38;2;85;87;136m│[0m [1;38;2;187;154;247m  web    [0m[38;2;205;214;244mMongoDB, Express, React, Node.js[0m             [38;2;85;87;136m│[0m
[38;2;85;87;136m│[0m              [38;2;105;117;182m⠈[38;2;91;102;157m⠣[38;2;84;94;146m⡀[38;2;109;122;189m⣠[38;2;108;120;186m⠿[38;2;113;126;195m⢿[38;2;99;111;172m⢋[38;2;109;121;188m⣔[38;2;102;114;177m⢽[38;2;97;108;167m⠁ [38;2;104;116;180m⡴[38;2;96;107;165m⠟[38;2;87;97;150m⣡[38;2;87;98;151m⠴[38;2;94;105;163m⢘[38;2;101;112;174m⡒[38;2;88;98;152m⡄ [38;2;96;108;167m⣸[38;2;91;102;157m⡻[38;2;86;96;149m⠁[38;2;89;100;154m⢸[38;2;89;99;153m⡽[38;2;96;108;167m⢺  [38;2;89;99;154m⣨[38;2;107;119;185m⠑[38;2;102;114;177m⢵[38;2;109;121;188m⣄[0m [38;2;85;87;136m│[0m [1;38;2;187;154;247m  env    [0m[38;2;205;214;244mFedora Linux, Git[0m                            [38;2;85;87;136m│[0m
[38;2;85;87;136m│[0m                 [38;2;110;120;186m⠁[38;2;108;118;183m⡴[38;2;96;105;163m⠕[38;2;120;131;203m⣼[38;2;124;135;210m⣯[38;2;92;101;156m⠂[38;2;98;107;167m⢳[38;2;99;108;168m⢨[38;2;90;98;153m⢔[38;2;88;96;149m⠉ [38;2;109;120;186m⣰[38;2;110;120;186m⣫[38;2;119;130;201m⡇[38;2;86;94;146m⢁[38;2;84;92;143m⢠[38;2;103;112;174m⢹[38;2;87;96;149m⠇[38;2;95;104;162m⠠[38;2;106;116;179m⣾[38;2;91;99;154m⡒[38;2;95;104;162m⢸ [38;2;101;110;171m⣼[38;2;92;100;156m⡇[38;2;84;92;143m⢀[38;2;91;99;154m⡎[38;2;126;138;215m⠈[0m [38;2;85;87;136m│[0m                                                       [38;2;85;87;136m│[0m
[38;2;85;87;136m│[0m                  [38;2;115;123;192m⠙[38;2;101;108;168m⢾[38;2;113;121;188m⣫[38;2;109;117;182m⣾[38;2;90;97;151m⢤[38;2;107;115;179m⡎[38;2;96;103;160m⡡[38;2;95;102;159m⠃[38;2;119;128;198m⢀[38;2;104;112;174m⣼[38;2;106;114;177m⡟[38;2;112;120;187m⠉[38;2;100;108;167m⢀[38;2;86;92;143m⢰[38;2;89;95;148m⠉[38;2;103;110;171m⡗[38;2;86;92;143m⢀[38;2;97;104;162m⢳[38;2;120;129;200m⡏[38;2;94;101;156m⢂[38;2;100;107;167m⡎ [38;2;98;105;163m⡿⢰[38;2;89;96;149m⢟[38;2;94;100;156m⡿ [0m [38;2;85;87;136m│[0m [1;38;2;158;206;106m$ [0m[1;38;2;122;162;247mtail -f now.log[0m                                     [38;2;85;87;136m│[0m
[38;2;85;87;136m│[0m                   [38;2;115;121;189m⢀[38;2;117;123;192m⠿⡏[38;2;113;119;186m⣾[38;2;98;103;160m⠗[38;2;92;97;152m⠁[38;2;97;102;160m⢀[38;2;113;119;186m⣿[38;2;94;98;153m⣯[38;2;99;104;163m⡧[38;2;103;108;168m⣴[38;2;94;99;154m⣫[38;2;89;93;145m⠃[38;2;90;94;147m⡔[38;2;102;107;167m⣁[38;2;101;106;165m⢆[38;2;110;116;181m⣿[38;2;109;115;179m⡇[38;2;90;95;148m⠠[38;2;105;111;173m⡇[38;2;110;115;180m⣾[38;2;108;114;177m⠁[38;2;92;96;150m⢟[38;2;98;103;160m⣷[38;2;101;106;165m⠃[38;2;110;115;180m⡰[0m [38;2;85;87;136m│[0m [1;38;2;187;154;247m  building  [0m[38;2;205;214;244mHTTP server from scratch in raw C++[0m       [38;2;85;87;136m│[0m
[38;2;85;87;136m│[0m                   [38;2;103;107;167m⡎[38;2;108;111;174m⢀[38;2;111;115;179m⣴[38;2;118;122;190m⠋ [38;2;111;115;180m⢠[38;2;116;120;187m⠊[38;2;97;100;156m⢹[38;2;98;101;158m⡿[38;2;103;106;166m⢡[38;2;97;100;156m⢏[38;2;90;93;145m⡤ [38;2;98;101;158m⣷[38;2;92;95;148m⠎[38;2;107;110;172m⣼[38;2;97;100;156m⢿[38;2;96;99;155m⡇[38;2;105;109;170m⢰[38;2;90;93;145m⢀[38;2;102;105;164m⡧ ⣻[38;2;103;107;167m⣃[38;2;119;122;191m⣴[38;2;117;121;189m⡿[0m [38;2;85;87;136m│[0m [38;2;205;214;244m            sockets (multi-client support next)[0m       [38;2;85;87;136m│[0m
[38;2;85;87;136m│[0m [38;2;136;138;216m⢀[38;2;110;111;174m⣤[38;2;124;125;196m⣄[38;2;143;145;227m⣀[38;2;108;110;172m⡀            [38;2;110;111;174m⡸[38;2;113;114;179m⢠[38;2;126;128;200m⠞[38;2;107;108;169m⠁ [38;2;119;121;189m⡰[38;2;105;106;166m⠃ [38;2;111;113;177m⡜[38;2;96;97;152m⢁[38;2;95;96;151m⢾[38;2;94;95;148m⡟[38;2;102;104;162m⣡[38;2;117;118;185m⢄[38;2;99;100;157m⠳[38;2;107;108;170m⣶[38;2;107;108;169m⡋[38;2;92;94;147m⠰[38;2;132;134;209m⢧[38;2;117;119;186m⡆[38;2;101;103;161m⡜[38;2;88;89;140m⠁[38;2;114;116;181m⣸[38;2;129;131;205m⣜[38;2;134;136;212m⣠[38;2;113;114;179m⣄[38;2;97;99;154m⠐[0m [38;2;85;87;136m│[0m [1;38;2;187;154;247m  practice  [0m[38;2;205;214;244m390+ LeetCode problems in C++, longest[0m    [38;2;85;87;136m│[0m
[38;2;85;87;136m│[0m [38;2;117;116;182m⠸[38;2;111;111;174m⡸[38;2;132;131;205m⡘[38;2;141;140;219m⣯[38;2;141;140;220m⣟[38;2;148;148;231m⣟[38;2;133;133;208m⣟[38;2;153;152;238m⡶[38;2;134;133;209m⢶[38;2;154;153;240m⢤[38;2;129;128;201m⣄[38;2;149;148;232m⣀[38;2;120;120;188m⣀[38;2;116;116;181m⣆[38;2;108;108;169m⠉[38;2;125;124;195m⣆[38;2;104;103;162m⠭[38;2;135;134;210m⢷[38;2;120;120;187m⠓[38;2;125;125;195m⢄[38;2;111;110;173m⣀[38;2;112;112;175m⡈  [38;2;94;93;147m⠔[38;2;93;93;145m⢀[38;2;109;109;170m⣾[38;2;114;113;178m⣯[38;2;112;112;175m⠞[38;2;99;98;154m⠡[38;2;101;100;157m⡺ [38;2;111;110;173m⢻[38;2;124;123;193m⣦[38;2;140;139;218m⠴[38;2;110;110;172m⣶[38;2;99;99;155m⡘[38;2;108;108;169m⠓[38;2;109;108;170m⠈[38;2;128;127;200m⠉[38;2;96;96;150m⠁ [38;2;104;103;162m⠈[38;2;93;93;145m⡆[0m [38;2;85;87;136m│[0m [38;2;205;214;244m            streak 51 days[0m                            [38;2;85;87;136m│[0m
[38;2;85;87;136m│[0m  [38;2;122;119;187m⠓[38;2;107;105;165m⠲[38;2;142;139;218m⠿[38;2;158;155;243m⠿[38;2;155;151;238m⢿[38;2;160;156;245m⣿[38;2;151;147;231m⣿[38;2;152;148;232m⣿[38;2;156;152;239m⣾⣾[38;2;142;138;217m⣷[38;2;145;142;222m⣿[38;2;156;153;240m⡏[38;2;153;149;234m⡟[38;2;144;141;222m⡿[38;2;120;117;185m⣴[38;2;120;117;184m⣹[38;2;101;99;155m⣽[38;2;109;107;168m⠻[38;2;114;112;175m⣤[38;2;134;131;205m⢧[38;2;123;121;189m⡏[38;2;121;118;185m⣇[38;2;117;115;180m⢀[38;2;106;103;162m⠾[38;2;117;114;180m⢿[38;2;115;112;176m⠯[38;2;113;110;174m⠾[38;2;112;109;171m⢛[38;2;122;119;187m⡖[38;2;116;113;177m⠉[38;2;107;105;164m⡁[38;2;102;100;157m⢀  [38;2;114;111;175m⠉[38;2;116;114;179m⣣[38;2;118;115;181m⠤[38;2;106;104;163m⠔[38;2;110;107;169m⠒  [38;2;106;104;163m⢸[0m [38;2;85;87;136m│[0m                                                       [38;2;85;87;136m│[0m
[38;2;85;87;136m│[0m        [38;2;110;106;166m⠉[38;2;162;156;245m⠉[38;2;141;136;213m⠛[38;2;164;157;247m⠛[38;2;149;143;225m⠿[38;2;160;153;241m⡿[38;2;157;151;237m⢿[38;2;161;155;244m⣿[38;2;157;150;237m⣿[38;2;159;152;239m⣿[38;2;155;149;235m⣿[38;2;153;147;232m⣿[38;2;142;136;215m⣿[38;2;139;133;210m⢯[38;2;127;122;192m⣽[38;2;119;114;179m⡇[38;2;164;157;247m⣿[38;2;162;155;244m⣿[38;2;155;149;234m⣷[38;2;155;148;233m⣾[38;2;162;155;245m⣶[38;2;159;153;240m⡶[38;2;124;119;188m⢫[38;2;113;108;170m⡕[38;2;117;112;177m⠲[38;2;114;109;172m⡠[38;2;108;103;163m⡇[38;2;101;97;152m⠠ [38;2;119;114;179m⢠[38;2;134;129;203m⠟[38;2;110;106;166m⢻[38;2;120;115;182m⢳[38;2;135;130;204m⠖[38;2;141;136;213m⠲[38;2;137;132;207m⡶[38;2;139;133;209m⣞[0m [38;2;85;87;136m│[0m [1;38;2;158;206;106m$ [0m[1;38;2;122;162;247mls ~/projects[0m                                       [38;2;85;87;136m│[0m
[38;2;85;87;136m│[0m            [38;2;118;111;175m⣸[38;2;95;90;141m⠁  [38;2;95;89;141m⠈[38;2;133;126;198m⣹[38;2;134;127;200m⣿[38;2;143;135;213m⡿[38;2;123;116;183m⣯[38;2;141;133;210m⣘[38;2;126;119;188m⣿[38;2;144;136;214m⣿[38;2;166;157;247m⣿⣿⣿[38;2;147;139;219m⣿[38;2;157;148;233m⣿[38;2;126;119;188m⡇[38;2;129;121;191m⠈   [38;2;101;95;150m⡁ [38;2;160;151;238m⣴[38;2;148;139;219m⣟[38;2;142;134;211m⣤[38;2;114;108;170m⣣[38;2;104;98;155m⠏  [38;2;106;100;157m⢨[38;2;126;119;188m⣦[0m [38;2;85;87;136m│[0m [1;38;2;187;154;247m  notes-app      [0m[38;2;205;214;244mMERN notes app with JWT auth; live[0m   [38;2;85;87;136m│[0m
[38;2;85;87;136m│[0m            [38;2;112;104;164m⡏[38;2;104;96;152m⠐[38;2;123;114;180m⠒[38;2;115;106;168m⣞[38;2;123;114;181m⡽[38;2;132;122;193m⣿[38;2;136;126;200m⣾[38;2;129;119;188m⣿[38;2;133;123;194m⣿[38;2;123;114;180m⡹[38;2;119;111;175m⣿[38;2;109;101;160m⣵[38;2;106;99;156m⣿[38;2;126;116;184m⢏[38;2;163;151;238m⣹[38;2;165;153;241m⡿[38;2;159;147;233m⠿[38;2;128;119;187m⣗[38;2;127;117;186m⢞[38;2;113;105;166m⠉[38;2;115;107;169m⢫[38;2;127;118;186m⠉[38;2;125;116;183m⣏[38;2;147;136;215m⣸[38;2;169;156;247m⣿⣿⣿⣿[38;2;159;147;233m⣷[38;2;164;151;239m⣦[38;2;154;143;226m⣴[38;2;129;119;188m⣿[38;2;115;106;168m⡛[0m [38;2;85;87;136m│[0m [38;2;205;214;244m                 on Vercel + Render + Atlas[0m           [38;2;85;87;136m│[0m
[38;2;85;87;136m│[0m            [38;2;116;106;168m⡇ [38;2;107;97;154m⠐[38;2;126;115;182m⠽[38;2;107;97;154m⠃[38;2;135;123;194m⢻[38;2;125;113;180m⣿[38;2;124;112;178m⣿[38;2;130;118;187m⢿[38;2;134;122;194m⣧[38;2;113;103;163m⡻[38;2;125;114;180m⠟[38;2;103;94;149m⠁[38;2;105;96;152m⠈[38;2;150;136;216m⠉[38;2;150;136;215m⢀[38;2;118;107;170m⣞[38;2;109;99;157m⣼[38;2;132;120;191m⡟[38;2;129;117;186m⠧⠼[38;2;117;107;169m⣤[38;2;129;118;186m⢿[38;2;149;135;214m⠟[38;2;149;136;215m⢻[38;2;161;147;232m⣿[38;2;163;148;235m⣿[38;2;171;156;247m⣿⣿⣿⣿⣿⣿[0m [38;2;85;87;136m│[0m [1;38;2;187;154;247m  deadlock-sim   [0m[38;2;205;214;244mDeadlock analysis simulator (Python,[0m [38;2;85;87;136m│[0m
[38;2;85;87;136m│[0m            [38;2;131;117;186m⡇  [38;2;105;94;149m⠈ [38;2;133;119;189m⢸[38;2;138;124;196m⡘[38;2;127;114;180m⣿[38;2;107;96;152m⡀[38;2;121;108;171m⠹[38;2;156;139;221m⢧ [38;2;119;106;169m⠛ [38;2;129;115;183m⣠[38;2;132;118;187m⣿[38;2;128;114;181m⡿[38;2;123;110;175m⠛ [38;2;115;103;163m⢀[38;2;112;100;159m⡼⠃ [38;2;137;122;194m⣰[38;2;126;113;179m⣿[38;2;125;112;177m⣿[38;2;158;141;224m⣥[38;2;161;144;229m⣾[38;2;174;155;246m⣿[38;2;174;156;247m⣿⣿⣿⣿[0m [38;2;85;87;136m│[0m [38;2;205;214;244m                 Tkinter, NetworkX)[0m                   [38;2;85;87;136m│[0m
[38;2;85;87;136m│[0m            [38;2;135;118;188m⣇    [38;2;132;116;184m⢠[38;2;150;132;210m⡇[38;2;114;101;160m⣷[38;2;132;116;184m⡇[38;2;102;90;142m⠄[38;2;119;104;166m⢺ [38;2;161;141;225m⢀[38;2;142;125;199m⡾[38;2;125;110;175m⠗[38;2;123;108;172m⠁ [38;2;147;129;205m⢀[38;2;136;119;190m⡴[38;2;124;109;174m⠋ [38;2;163;143;228m⣠[38;2;157;138;219m⣾[38;2;169;149;236m⣿[38;2;177;155;247m⡟[38;2;157;138;220m⠋[38;2;151;132;211m⢛[38;2;162;143;227m⣿[38;2;175;154;245m⣿[38;2;177;155;247m⣿⣿[38;2;174;153;244m⣿[38;2;175;154;245m⣿[0m [38;2;85;87;136m│[0m [1;38;2;187;154;247m  url-shortener  [0m[38;2;205;214;244mURL shortener[0m                        [38;2;85;87;136m│[0m
[38;2;85;87;136m│[0m           [38;2;108;93;148m⢰[38;2;117;101;161m⡟  [38;2;107;92;147m⢀[38;2;112;97;154m⠔[38;2;128;111;176m⣿[38;2;116;100;159m⠇[38;2;106;92;147m⡳[38;2;123;107;170m⡁ [38;2;119;103;164m⢸ [38;2;124;107;171m⠉    [38;2;144;125;199m⢈[38;2;162;140;223m⣠[38;2;166;143;229m⣶[38;2;154;133;212m⡿[38;2;179;155;247m⠋[38;2;170;147;234m⢿[38;2;179;155;247m⣿[38;2;172;148;237m⣿[38;2;174;151;240m⣾[38;2;179;155;247m⣿⣿[38;2;166;143;228m⣿[38;2;162;140;223m⣿[38;2;179;155;247m⣿[38;2;178;154;245m⣿[38;2;177;153;243m⣿[0m [38;2;85;87;136m│[0m                                                       [38;2;85;87;136m│[0m
[38;2;85;87;136m│[0m           [38;2;135;115;184m⠸[38;2;135;115;183m⢌[38;2;152;130;207m⠓[38;2;116;99;158m⢪[38;2;130;111;177m⣤[38;2;126;107;171m⠾[38;2;131;111;177m⠋[38;2;126;107;171m⢸[38;2;108;92;147m⠆[38;2;133;113;181m⣧[38;2;142;121;193m⠜[38;2;159;135;216m⠉[38;2;141;120;191m⠳[38;2;124;105;168m⢤[38;2;137;117;186m⣶[38;2;126;107;171m⣶[38;2;135;115;184m⣷[38;2;163;139;222m⣽[38;2;181;154;246m⣿[38;2;140;119;191m⡋[38;2;172;146;233m⢿[38;2;128;109;174m⡳[38;2;155;132;211m⡶[38;2;181;154;246m⣿[38;2;182;155;247m⣿⣿⣿[38;2;176;150;239m⣿[38;2;155;132;211m⣿[38;2;169;143;229m⣿[38;2;182;155;247m⣿[38;2;179;152;243m⣿[38;2;170;144;230m⣿[38;2;174;148;236m⣿[0m [38;2;85;87;136m│[0m [1;38;2;158;206;106m$ [0m[1;38;2;122;162;247mcat contact.txt[0m                                     [38;2;85;87;136m│[0m
[38;2;85;87;136m│[0m             [38;2;123;103;165m⠑[38;2;135;113;181m⠢[38;2;125;105;167m⢀[38;2;108;90;144m⡉[38;2;119;100;159m⢁[38;2;124;104;166m⠿[38;2;114;95;152m⠥[38;2;129;108;173m⠃     [38;2;164;138;220m⠉[38;2;163;136;218m⠹[38;2;184;154;247m⣿[38;2;170;142;227m⣿[38;2;145;121;194m⣷[38;2;170;143;228m⣾[38;2;181;151;242m⣿[38;2;163;136;218m⣮[38;2;148;124;198m⡪[38;2;162;135;217m⡻[38;2;183;153;245m⢿[38;2;164;137;220m⣿[38;2;159;133;213m⣿[38;2;182;153;244m⣿[38;2;172;144;230m⣿[38;2;159;133;213m⣿[38;2;144;120;192m⣿[38;2;156;130;209m⣿[38;2;172;144;230m⣿[0m [38;2;85;87;136m│[0m [1;38;2;187;154;247m  github    [0m[38;2;205;214;244mgithub.com/Aathi06[0m                        [38;2;85;87;136m│[0m
[38;2;85;87;136m│[0m                                              [38;2;85;87;136m│[0m [1;38;2;187;154;247m  linkedin  [0m[38;2;205;214;244mlinkedin.com/in/aathi-krishnan-9534ba329[0m  [38;2;85;87;136m│[0m
[38;2;85;87;136m│[0m                                              [38;2;85;87;136m│[0m [1;38;2;187;154;247m  email     [0m[38;2;205;214;244maathi8012@gmail.com[0m                       [38;2;85;87;136m│[0m
[38;2;85;87;136m├[0m[38;2;85;87;136m──────────────────────────────────────────────────────────────────────────────────────────────────────[0m[38;2;85;87;136m┤[0m
[38;2;85;87;136m│[0m [38;2;105;110;140mtip: curl aathi-cli.vercel.app/256 (256 colours) or /compact (80 columns)[0m                            [38;2;85;87;136m│[0m
[38;2;85;87;136m╰[0m[38;2;85;87;136m──────────────────────────────────────────────────────────────────────────────────────────────────────[0m[38;2;85;87;136m╯[0m
